image: mapa2.pgm
resolution: 0.100000
origin: [-10.500000, -6.500000, 0.000000]
negate: 0
occupied_thresh: 0.65
free_thresh: 0.196

